2intersection////////////////////////////////////////////////////////////////////////////////////////////////////////////////////////////

	 	 	 Waiting time 	 	 	 	 AVG speed 	 	  	 	 CO2 	 	 	 	 	 	  NOx 	 	 	 	  	 	  Halting Vehicles
Static    : 62.93673611111111 	 	 5.318209361363786 	 	 	  19856.920989184502 	 	  8.69494644675258 	 	 7002.0
Actuated  : 35.67263888888889 	 	 6.316850006355676 	 	 	  15157.158636128466 	 	  6.53248638557041 	 	 4538.5
Delayed   : 48.248194444444444 	 	 6.167294542135562 	 	 	 17548.215485245335 	 	 7.636994854935019 	 	 5842.25
MARL      : 4.157777777777778 	 	 7.625577826933683 	 	 	 9647.954197501453 	 	 4.00037211795772 	 	 1296.375


	 	 	 Waiting time 	 	 	 	 AVG speed 	 	  	 	 CO2 	 	 	 	 	 	  NOx 	 	 	 	  	 	  Halting Vehicles
Static    : 103.30850694444445 	 	 5.069735244199444 	 	 	  24889.394089739493 	 	  11.012920851603369 	 	 19500.375
Actuated  : 37.40354166666667 	 	 6.260779586227248 	 	 	  15812.57717931793 	 	  6.8305680400292434 	 	 9644.125
Delayed   : 55.378229166666664 	 	 6.140898177757976 	 	 	 19698.442212168877 	 	 8.61905626845962 	 	 13599.875
MARL      : 4.635208333333333 	 	 7.508611720907017 	 	 	 9816.804021691214 	 	 4.079425863932506 	 	 2698.875

3intersection///////////////////////////////////////////////////////////////////////////////////////////////////////////////////////////

	 	 	 Waiting time 	 	 	 	 AVG speed 	 	  	 	 CO2 	 	 	 	 	 	  NOx 	 	 	 	  	 	  Halting Vehicles
Static    : 233.9825925925926 	 	 5.657418701754773 	 	 	  28310.35647632098 	 	  12.642969090712901 	 	 12583.25
Actuated  : 13.47324074074074 	 	 8.007561026584979 	 	 	  11386.658030099388 	 	  4.819206303369999 	 	 2351.1666666666665
Delayed   : 9.730787037037038 	 	 9.360409567548045 	 	 	 10085.98971504721 	 	 4.2227010615090945 	 	 1770.1666666666667
MARL      : 6.272592592592592 	 	 9.270096642103951 	 	 	 9501.78993851003 	 	 3.958086577416738 	 	 1407.0833333333335

	 	 	 Waiting time 	 	 	 	 AVG speed 	 	  	 	 CO2 	 	 	 	 	 	  NOx 	 	 	 	  	 	  Halting Vehicles
Static    : 247.97472222222223 	 	 5.832482002050594 	 	 	  29968.47697332149 	 	  13.39933951071017 	 	 26970.083333333332
Actuated  : 11.127407407407409 	 	 8.539385627442115 	 	 	  9952.439993335322 	 	  4.155400543300823 	 	 3551.4166666666665
Delayed   : 8.705000000000002 	 	 9.500676589152976 	 	 	 9415.84176814706 	 	 3.911812203772401 	 	 2957.583333333333
MARL      : 5.139143518518519 	 	 9.267059981482173 	 	 	 9330.127638279133 	 	 3.8718916971547506 	 	 2556.1666666666665

4 intersection///////////////////////////////////////////////////////////////////////////////////////////////////////////////////////////

	 	 	 Waiting time 	 	 	 	 AVG speed 	 	  	 	 CO2 	 	 	 	 	 	  NOx 	 	 	 	  	 	  Halting Vehicles
Static    : 82.97305555555556 	 	 6.005755192569035 	 	 	  23341.185088105987 	 	  10.28167406831526 	 	 8573.5
Actuated  : 15.457256944444444 	 	 7.63158090581264 	 	 	  11350.871863569422 	 	  4.767092208073508 	 	 2395.25
Delayed   : 21.15017361111111 	 	 7.35474175178728 	 	 	 12311.400887265301 	 	 5.207445630223819 	 	 2862.625
MARL      : 5.215868055555555 	 	 8.36898433279342 	 	 	 9797.178497591562 	 	 4.056225335228508 	 	 1335.25

	 	 	 Waiting time 	 	 	 	 AVG speed 	 	  	 	 CO2 	 	 	 	 	 	  NOx 	 	 	 	  	 	  Halting Vehicles
Static    : 176.66460069444443 	 	 5.3897387996204955 	 	 	  31405.919112979496 	 	  13.991826786157416 	 	 25967.5625
Actuated  : 24.460260416666667 	 	 7.294867762166582 	 	 	  13569.534246846599 	 	  5.778509513110684 	 	 6819.6875
Delayed   : 23.11324652777778 	 	 7.433019843533452 	 	 	 12721.701712279124 	 	 5.393918040451384 	 	 6156.1875
MARL      : 5.101284722222222 	 	 8.41885044405702 	 	 	 9737.432080493201 	 	 4.026515690909666 	 	 2640.6875